00000000000000000000000000000000000000000000000000000000000000000000000000000000000000
00000000000000000000000000000000000000000000000000000000000000000000000000000000000000
00000000000000000000000000000000000000000000000000000000000000000000000000000000000000
00000000000000000000000000000000000000000000000000000000000000000000000000000000000000
00000000000000000000000000000000000000000000000000000000000000000000000000000000000000
00000000000000000000000000000000000000000000000000000000000000000000000000000000000000
00000000000000000000000000000000000000000000000000000000000000000000000000000000000000
00000000000000000000000000000000000000000000000000000000000000000000000000000000000000
00000000000000000000000000000000000000000000000000000000000000000000000000000000000000
00000000000000000000000000000000000000000000000000000000000000000000222222222222200000
00000000000000000000000000000000000000000000000000000000000000000000022222222222200000
00000000000000000000000000000000000000000000000000000000000000000000002222222220000000
00000000000000000000000000000000000000000000000000000000000000000000001111111110000000
00000000000000000000000000000000000000000000000000000000000000000000001111111110000000
00000000000000000000000000000000000000000000000000000000000000000000001111111110000000
00000000000000000000000000000000000000000000000000000000000000000000001111111110000000
00000000000000000000000000000000000000000000000000000000000000000000001111111110000000
00000000000000000000000000000000000000000000000000000000000000000000001111111110000000
00000000000000000000000000000000000000000000000000000000000000000000001111111110000000
00000000000000000000000000000000000000000000000000000000000000000000001111111110000000
00000000000000000000000000000000000000000000000000000000000000000000001111111110000000
00000000000000000000000000000000000000000000000000000000011000110000001111111110000000
00000000000000000000000000000000000000000000000000000000011000110000001111111110000000
11100111111111111111100001111110000000000000011111100001111111111100001111111110000000
11100111111111111111100001111110000000000000011111100001111111111100001111111110000000
11100111111111111111100000111100000000000000001111000001111111111100001111111110000000
11100111111111111111100000000000000111111000000000000001111111111100001111111110000000
11100111111111000000000000000000000111111000000000000001111111111100001111111110000000
11100111111111000000000000000000000011110000000000000001111111111100001111111110000000
00000111111111000000000000000000000000000000000000000001111111111100001111111110000000
00000111111111000000000000000000000000000000000000000001111111111100001111111110000000
00000111111111000000000000000000000000000000000000000001111111111100001111111110000000
00000111111111000000000000000000000000000000000000000001111111111100001111111110000000
00000111111111000000000000000000000000000000000000000001111111111100001111111110000000
00000111111111000000000000000000000000000000000000000001111111111100001111111110000000
00000111111111000000000000000000000000000000000000000001111111111100001111111110000000
00000111111111000000000000000000000000000000000000000001111111111100001111111110000000
00000111111111000000000000000000000000000000000000000001111111111100001111111110000000